255 255 255 255 255 255 255 255 255 255 255 255 255 255 255 255
255 255 255 255 255 255 255 255 255 255 255 255 255 255 255 255
255 255   0   0   0   0   0   0   0   0   0   0   0   0 255 255
255 255   0   0   0   0   0   0   0   0   0   0   0   0 255 255
255 255   0   0   0   0   0   0   0   0   0   0   0   0 255 255
255 255   0   0   0 240 240 240 240 240 240   0   0   0 255 255
255 255   0   0   0 240   0 240 240   0 240   0   0   0 255 255
255 255   0   0   0 240   0 240   0 240 240   0   0   0 255 255
255 255   0   0   0 240 240 240 240 240 240   0   0   0 255 255
255 255   0   0   0 240   0 240   0 240 240   0   0   0 255 255
255 255   0   0   0 240 240  12 240   0 240   0   0   0 255 255
255 255   0   0   0   0   0   0   0   0   0   0   0   0 255 255
255 255   0   0   0   0   0   0   0   0   0   0   0   0 255 255
255 255   0   0   0   0   0   0   0   0   0   0   0   0 255 255
255 255 255 255 255 255 255 255 255 255 255 255 255 255 255 255
255 255 255 255 255 255 255 255 255 255 255 255 255 255 255 255
255 255 255 255 255 255 255 255 255 255 255 255 255 255 255 255
255 255 255 255 255 255 255 255 255 255 255 255 255 255 255 255
255 255   0   0   0   0   0   0   0   0   0   0   0   0 255 255
255 255   0   0   0   0   0   0   0   0   0   0   0   0 255 255
255 255   0   0   0   0   0   0   0   0   0   0   0   0 255 255
255 255   0   0   0 240 240 240 240 240 240   0   0   0 255 255
255 255   0   0   0 240   0 240 240   0 240   0   0   0 255 255
255 255   0   0   0 240   0 240   0 240 240   0   0   0 255 255
255 255   0   0   0 240 240 240 240 240 240   0   0   0 255 255
255 255   0   0   0 240   0 240   0 240 240   0   0   0 255 255
255 255   0   0   0 240 240  12 240   0 240   0   0   0 255 255
255 255   0   0   0   0   0   0   0   0   0   0   0   0 255 255
255 255   0   0   0   0   0   0   0   0   0   0   0   0 255 255
255 255   0   0   0   0   0   0   0   0   0   0   0   0 255 255
255 255 255 255 255 255 255 255 255 255 255 255 255 255 255 255
255 255 255 255 255 255 255 255 255 255 255 255 255 255 255 255
255 255 255 255 255 255 255 255 255 255 255 255 255 255 255 255
255 255 255 255 255 255 255 255 255 255 255 255 255 255 255 255
255 255   0   0   0   0   0   0   0   0   0   0   0   0 255 255
255 255   0   0   0   0   0   0   0   0   0   0   0   0 255 255
255 255   0   0   0   0   0   0   0   0   0   0   0   0 255 255
255 255   0   0   0 240 240 240 240 240 240   0   0   0 255 255
255 255   0   0   0 240   0 240 240   0 240   0   0   0 255 255
255 255   0   0   0 240   0 240   0 240 240   0   0   0 255 255
255 255   0   0   0 240 240 240 240 240 240   0   0   0 255 255
255 255   0   0   0 240   0 240   0 240 240   0   0   0 255 255
255 255   0   0   0 240 240  12 240   0 240   0   0   0 255 255
255 255   0   0   0   0   0   0   0   0   0   0   0   0 255 255
255 255   0   0   0   0   0   0   0   0   0   0   0   0 255 255
255 255   0   0   0   0   0   0   0   0   0   0   0   0 255 255
255 255 255 255 255 255 255 255 255 255 255 255 255 255 255 255
255 255 255 255 255 255 255 255 255 255 255 255 255 255 255 255

255 255 255 255 255 255 255 255 255 255 255 255 255 255 255 255
255 214 153 153 153 153 153 153 153 153 153 153 153 153 214 255
255 153   0   0   0   0   0   0   0   0   0   0   0   0 153 255
255 153   0   0   0   0   0   0   0   0   0   0   0   0 153 255
255 153   0   0   9  48  48  48  48  48  48   9   0   0 153 255
255 153   0   0  48 240 240 221 238 181 228  48   0   0 153 255
255 153   0   0  48 191 106 158 153 196 135  48   0   0 153 255
255 153   0   0  48 234 165 163 197 131 168  48   0   0 153 255
255 153   0   0  48 205 240 240 200 230 180  48   0   0 153 255
255 153   0   0  48 145 137 169 198  53 166  48   0   0 153 255
255 153   0   0  48 223 240 240 228 210 220  48   0   0 153 255
255 153   0   0   9  48  48  48  48  48  48   9   0   0 153 255
255 153   0   0   0   0   0   0   0   0   0   0   0   0 153 255
255 153   0   0   0   0   0   0   0   0   0   0   0   0 153 255
255 214 153 153 153 153 153 153 153 153 153 153 153 153 214 255
255 255 255 255 255 255 255 255 255 255 255 255 255 255 255 255
255 255 255 255 255 255 255 255 255 255 255 255 255 255 255 255
255 214 153 153 153 153 153 153 153 153 153 153 153 153 214 255
255 153   0   0   0   0   0   0   0   0   0   0   0   0 153 255
255 153   0   0   0   0   0   0   0   0   0   0   0   0 153 255
255 153   0   0   9  48  48  48  48  48  48   9   0   0 153 255
255 153   0   0  48 240 240 221 238 181 228  48   0   0 153 255
255 153   0   0  48 191 106 158 153 196 135  48   0   0 153 255
255 153   0   0  48 234 165 163 197 131 168  48   0   0 153 255
255 153   0   0  48 205 240 240 200 230 180  48   0   0 153 255
255 153   0   0  48 145 137 169 198  53 166  48   0   0 153 255
255 153   0   0  48 223 240 240 228 210 220  48   0   0 153 255
255 153   0   0   9  48  48  48  48  48  48   9   0   0 153 255
255 153   0   0   0   0   0   0   0   0   0   0   0   0 153 255
255 153   0   0   0   0   0   0   0   0   0   0   0   0 153 255
255 214 153 153 153 153 153 153 153 153 153 153 153 153 214 255
255 255 255 255 255 255 255 255 255 255 255 255 255 255 255 255
255 255 255 255 255 255 255 255 255 255 255 255 255 255 255 255
255 214 153 153 153 153 153 153 153 153 153 153 153 153 214 255
255 153   0   0   0   0   0   0   0   0   0   0   0   0 153 255
255 153   0   0   0   0   0   0   0   0   0   0   0   0 153 255
255 153   0   0   9  48  48  48  48  48  48   9   0   0 153 255
255 153   0   0  48 240 240 221 238 181 228  48   0   0 153 255
255 153   0   0  48 191 106 158 153 196 135  48   0   0 153 255
255 153   0   0  48 234 165 163 197 131 168  48   0   0 153 255
255 153   0   0  48 205 240 240 200 230 180  48   0   0 153 255
255 153   0   0  48 145 137 169 198  53 166  48   0   0 153 255
255 153   0   0  48 223 240 240 228 210 220  48   0   0 153 255
255 153   0   0   9  48  48  48  48  48  48   9   0   0 153 255
255 153   0   0   0   0   0   0   0   0   0   0   0   0 153 255
255 153   0   0   0   0   0   0   0   0   0   0   0   0 153 255
255 214 153 153 153 153 153 153 153 153 153 153 153 153 214 255
255 255 255 255 255 255 255 255 255 255 255 255 255 255 255 255

255 255 255 255 255 255 255 255 255 255 255 255 255 255 255 255
255 214 153 153 153 153 153 153 153 153 153 153 153 153 214 255
255 153   0   0   0   0   0   0   0   0   0   0   0   0 153 255
255 153   0   0   0   0   0   0   0   0   0   0   0   0 153 255
255 153   0   0   9  48  48  48  48  48  48   9   0   0 153 255
255 153   0   0  48 228 135 168 180 166 220  48   0   0 153 255
255 153   0   0  48 181 196 131 230  53 210  48   0   0 153 255
255 153   0   0  48 238 153 197 200 198 228  48   0   0 153 255
255 153   0   0  48 221 158 163 240 169 240  48   0   0 153 255
255 153   0   0  48 240 106 165 240 137 240  48   0   0 153 255
255 153   0   0  48 240 191 234 205 145 223  48   0   0 153 255
255 153   0   0   9  48  48  48  48  48  48   9   0   0 153 255
255 153   0   0   0   0   0   0   0   0   0   0   0   0 153 255
255 153   0   0   0   0   0   0   0   0   0   0   0   0 153 255
255 214 153 153 153 153 153 153 153 153 153 153 153 153 214 255
255 255 255 255 255 255 255 255 255 255 255 255 255 255 255 255
255 255 255 255 255 255 255 255 255 255 255 255 255 255 255 255
255 214 153 153 153 153 153 153 153 153 153 153 153 153 214 255
255 153   0   0   0   0   0   0   0   0   0   0   0   0 153 255
255 153   0   0   0   0   0   0   0   0   0   0   0   0 153 255
255 153   0   0   9  48  48  48  48  48  48   9   0   0 153 255
255 153   0   0  48 228 135 168 180 166 220  48   0   0 153 255
255 153   0   0  48 181 196 131 230  53 210  48   0   0 153 255
255 153   0   0  48 238 153 197 200 198 228  48   0   0 153 255
255 153   0   0  48 221 158 163 240 169 240  48   0   0 153 255
255 153   0   0  48 240 106 165 240 137 240  48   0   0 153 255
255 153   0   0  48 240 191 234 205 145 223  48   0   0 153 255
255 153   0   0   9  48  48  48  48  48  48   9   0   0 153 255
255 153   0   0   0   0   0   0   0   0   0   0   0   0 153 255
255 153   0   0   0   0   0   0   0   0   0   0   0   0 153 255
255 214 153 153 153 153 153 153 153 153 153 153 153 153 214 255
255 255 255 255 255 255 255 255 255 255 255 255 255 255 255 255
255 255 255 255 255 255 255 255 255 255 255 255 255 255 255 255
255 214 153 153 153 153 153 153 153 153 153 153 153 153 214 255
255 153   0   0   0   0   0   0   0   0   0   0   0   0 153 255
255 153   0   0   0   0   0   0   0   0   0   0   0   0 153 255
255 153   0   0   9  48  48  48  48  48  48   9   0   0 153 255
255 153   0   0  48 228 135 168 180 166 220  48   0   0 153 255
255 153   0   0  48 181 196 131 230  53 210  48   0   0 153 255
255 153   0   0  48 238 153 197 200 198 228  48   0   0 153 255
255 153   0   0  48 221 158 163 240 169 240  48   0   0 153 255
255 153   0   0  48 240 106 165 240 137 240  48   0   0 153 255
255 153   0   0  48 240 191 234 205 145 223  48   0   0 153 255
255 153   0   0   9  48  48  48  48  48  48   9   0   0 153 255
255 153   0   0   0   0   0   0   0   0   0   0   0   0 153 255
255 153   0   0   0   0   0   0   0   0   0   0   0   0 153 255
255 214 153 153 153 153 153 153 153 153 153 153 153 153 214 255
255 255 255 255 255 255 255 255 255 255 255 255 255 255 255 255

255 255 255 255 255 255 255 255 255 255 255 255 255 255 255 255
255 214 153 153 153 153 153 153 153 153 153 153 153 153 214 255
255 153   0   0   0   0   0   0   0   0   0   0   0   0 153 255
255 153   0   0   0   0   0   0   0   0   0   0   0   0 153 255
255 153   0   0   9  48  48  48  48  48  48   9   0   0 153 255
255 153   0   0  48 220 210 228 240 240 223  48   0   0 153 255
255 153   0   0  48 166  53 198 169 137 145  48   0   0 153 255
255 153   0   0  48 180 230 200 240 240 205  48   0   0 153 255
255 153   0   0  48 168 131 197 163 165 234  48   0   0 153 255
255 153   0   0  48 135 196 153 158 106 191  48   0   0 153 255
255 153   0   0  48 228 181 238 221 240 240  48   0   0 153 255
255 153   0   0   9  48  48  48  48  48  48   9   0   0 153 255
255 153   0   0   0   0   0   0   0   0   0   0   0   0 153 255
255 153   0   0   0   0   0   0   0   0   0   0   0   0 153 255
255 214 153 153 153 153 153 153 153 153 153 153 153 153 214 255
255 255 255 255 255 255 255 255 255 255 255 255 255 255 255 255
255 255 255 255 255 255 255 255 255 255 255 255 255 255 255 255
255 214 153 153 153 153 153 153 153 153 153 153 153 153 214 255
255 153   0   0   0   0   0   0   0   0   0   0   0   0 153 255
255 153   0   0   0   0   0   0   0   0   0   0   0   0 153 255
255 153   0   0   9  48  48  48  48  48  48   9   0   0 153 255
255 153   0   0  48 220 210 228 240 240 223  48   0   0 153 255
255 153   0   0  48 166  53 198 169 137 145  48   0   0 153 255
255 153   0   0  48 180 230 200 240 240 205  48   0   0 153 255
255 153   0   0  48 168 131 197 163 165 234  48   0   0 153 255
255 153   0   0  48 135 196 153 158 106 191  48   0   0 153 255
255 153   0   0  48 228 181 238 221 240 240  48   0   0 153 255
255 153   0   0   9  48  48  48  48  48  48   9   0   0 153 255
255 153   0   0   0   0   0   0   0   0   0   0   0   0 153 255
255 153   0   0   0   0   0   0   0   0   0   0   0   0 153 255
255 214 153 153 153 153 153 153 153 153 153 153 153 153 214 255
255 255 255 255 255 255 255 255 255 255 255 255 255 255 255 255
255 255 255 255 255 255 255 255 255 255 255 255 255 255 255 255
255 214 153 153 153 153 153 153 153 153 153 153 153 153 214 255
255 153   0   0   0   0   0   0   0   0   0   0   0   0 153 255
255 153   0   0   0   0   0   0   0   0   0   0   0   0 153 255
255 153   0   0   9  48  48  48  48  48  48   9   0   0 153 255
255 153   0   0  48 220 210 228 240 240 223  48   0   0 153 255
255 153   0   0  48 166  53 198 169 137 145  48   0   0 153 255
255 153   0   0  48 180 230 200 240 240 205  48   0   0 153 255
255 153   0   0  48 168 131 197 163 165 234  48   0   0 153 255
255 153   0   0  48 135 196 153 158 106 191  48   0   0 153 255
255 153   0   0  48 228 181 238 221 240 240  48   0   0 153 255
255 153   0   0   9  48  48  48  48  48  48   9   0   0 153 255
255 153   0   0   0   0   0   0   0   0   0   0   0   0 153 255
255 153   0   0   0   0   0   0   0   0   0   0   0   0 153 255
255 214 153 153 153 153 153 153 153 153 153 153 153 153 214 255
255 255 255 255 255 255 255 255 255 255 255 255 255 255 255 255
